image: 0918c.pgm
resolution: 0.050000
origin: [-9.007793, -7.242699, 0.000000]
negate: 0
occupied_thresh: 0.65
free_thresh: 0.196

